start
one way
1064.907,991.01,0.0
1064.907,976.77,0.0
1064.907,962.529,0.0
1064.907,948.289,0.0
1064.907,934.049,0.0
1064.907,919.808,0.0
1064.907,905.568,0.0
end
start
one way
1064.907,905.568,0.0
1080.119,905.568,0.0
1095.33,905.568,0.0
1110.541,905.568,0.0
1125.752,905.568,0.0
1140.964,905.568,0.0
1156.175,905.568,0.0
end
start
one way
1156.175,905.568,0.0
1171.386,905.568,0.0
1186.597,905.568,0.0
1201.809,905.568,0.0
1217.02,905.568,0.0
1232.231,905.568,0.0
1247.443,905.568,0.0
end
start
one way
1247.443,905.568,0.0
1262.654,905.568,0.0
1277.865,905.568,0.0
1293.076,905.568,0.0
1308.288,905.568,0.0
1323.499,905.568,0.0
1338.71,905.568,0.0
end
start
one way
1338.71,905.568,0.0
1353.921,905.568,0.0
1369.133,905.568,0.0
1384.344,905.568,0.0
1399.555,905.568,0.0
1414.766,905.568,0.0
1429.978,905.568,0.0
end
start
one way
1429.978,905.568,0.0
1445.189,905.568,0.0
1460.4,905.568,0.0
1475.611,905.568,0.0
1490.823,905.568,0.0
1506.034,905.568,0.0
1521.245,905.568,0.0
end
start
one way
1521.245,905.568,0.0
1521.245,919.808,0.0
1521.245,934.049,0.0
1521.245,948.289,0.0
1521.245,962.529,0.0
1521.245,976.77,0.0
1521.245,991.01,0.0
end
start
one way
1064.907,1076.452,0.0
1064.907,1062.212,0.0
1064.907,1047.971,0.0
1064.907,1033.731,0.0
1064.907,1019.491,0.0
1064.907,1005.25,0.0
1064.907,991.01,0.0
end
start
one way
1521.245,991.01,0.0
1521.245,1005.25,0.0
1521.245,1019.491,0.0
1521.245,1033.731,0.0
1521.245,1047.971,0.0
1521.245,1062.212,0.0
1521.245,1076.452,0.0
end
start
one way
1064.907,1161.894,0.0
1064.907,1147.654,0.0
1064.907,1133.413,0.0
1064.907,1119.173,0.0
1064.907,1104.933,0.0
1064.907,1090.692,0.0
1064.907,1076.452,0.0
end
start
one way
1521.245,1076.452,0.0
1521.245,1090.692,0.0
1521.245,1104.933,0.0
1521.245,1119.173,0.0
1521.245,1133.413,0.0
1521.245,1147.654,0.0
1521.245,1161.894,0.0
end
start
one way
1064.907,1247.336,0.0
1064.907,1233.096,0.0
1064.907,1218.855,0.0
1064.907,1204.615,0.0
1064.907,1190.375,0.0
1064.907,1176.134,0.0
1064.907,1161.894,0.0
end
start
one way
1521.245,1161.894,0.0
1521.245,1176.134,0.0
1521.245,1190.375,0.0
1521.245,1204.615,0.0
1521.245,1218.855,0.0
1521.245,1233.096,0.0
1521.245,1247.336,0.0
end
start
one way
1064.907,1332.778,0.0
1064.907,1318.538,0.0
1064.907,1304.297,0.0
1064.907,1290.057,0.0
1064.907,1275.817,0.0
1064.907,1261.576,0.0
1064.907,1247.336,0.0
end
start
one way
1156.175,1332.778,0.0
1140.964,1332.778,0.0
1125.752,1332.778,0.0
1110.541,1332.778,0.0
1095.33,1332.778,0.0
1080.119,1332.778,0.0
1064.907,1332.778,0.0
end
start
one way
1247.443,1332.778,0.0
1232.231,1332.778,0.0
1217.02,1332.778,0.0
1201.809,1332.778,0.0
1186.597,1332.778,0.0
1171.386,1332.778,0.0
1156.175,1332.778,0.0
end
start
one way
1338.71,1332.778,0.0
1323.499,1332.778,0.0
1308.288,1332.778,0.0
1293.076,1332.778,0.0
1277.865,1332.778,0.0
1262.654,1332.778,0.0
1247.443,1332.778,0.0
end
start
one way
1429.978,1332.778,0.0
1414.766,1332.778,0.0
1399.555,1332.778,0.0
1384.344,1332.778,0.0
1369.133,1332.778,0.0
1353.921,1332.778,0.0
1338.71,1332.778,0.0
end
start
one way
1521.245,1247.336,0.0
1521.245,1261.576,0.0
1521.245,1275.817,0.0
1521.245,1290.057,0.0
1521.245,1304.297,0.0
1521.245,1318.538,0.0
1521.245,1332.778,0.0
end
start
one way
1521.245,1332.778,0.0
1506.034,1332.778,0.0
1490.823,1332.778,0.0
1475.611,1332.778,0.0
1460.4,1332.778,0.0
1445.189,1332.778,0.0
1429.978,1332.778,0.0
end
start
one way
1064.907,905.568,0.0
1064.907,919.808,0.0
1064.907,934.049,0.0
1064.907,948.289,0.0
1064.907,962.529,0.0
1064.907,976.77,0.0
1064.907,991.01,0.0
end
start
one way
1156.175,905.568,0.0
1140.964,905.568,0.0
1125.752,905.568,0.0
1110.541,905.568,0.0
1095.33,905.568,0.0
1080.119,905.568,0.0
1064.907,905.568,0.0
end
start
one way
1156.175,991.01,0.0
1156.175,976.77,0.0
1156.175,962.529,0.0
1156.175,948.289,0.0
1156.175,934.049,0.0
1156.175,919.808,0.0
1156.175,905.568,0.0
end
start
one way
1064.907,991.01,0.0
1080.119,991.01,0.0
1095.33,991.01,0.0
1110.541,991.01,0.0
1125.752,991.01,0.0
1140.964,991.01,0.0
1156.175,991.01,0.0
end
start
one way
1156.175,905.568,0.0
1156.175,919.808,0.0
1156.175,934.049,0.0
1156.175,948.289,0.0
1156.175,962.529,0.0
1156.175,976.77,0.0
1156.175,991.01,0.0
end
start
one way
1247.443,905.568,0.0
1232.231,905.568,0.0
1217.02,905.568,0.0
1201.809,905.568,0.0
1186.597,905.568,0.0
1171.386,905.568,0.0
1156.175,905.568,0.0
end
start
one way
1247.443,991.01,0.0
1247.443,976.77,0.0
1247.443,962.529,0.0
1247.443,948.289,0.0
1247.443,934.049,0.0
1247.443,919.808,0.0
1247.443,905.568,0.0
end
start
one way
1156.175,991.01,0.0
1171.386,991.01,0.0
1186.597,991.01,0.0
1201.809,991.01,0.0
1217.02,991.01,0.0
1232.231,991.01,0.0
1247.443,991.01,0.0
end
start
one way
1247.443,905.568,0.0
1247.443,919.808,0.0
1247.443,934.049,0.0
1247.443,948.289,0.0
1247.443,962.529,0.0
1247.443,976.77,0.0
1247.443,991.01,0.0
end
start
one way
1338.71,905.568,0.0
1323.499,905.568,0.0
1308.288,905.568,0.0
1293.076,905.568,0.0
1277.865,905.568,0.0
1262.654,905.568,0.0
1247.443,905.568,0.0
end
start
one way
1338.71,991.01,0.0
1338.71,976.77,0.0
1338.71,962.529,0.0
1338.71,948.289,0.0
1338.71,934.049,0.0
1338.71,919.808,0.0
1338.71,905.568,0.0
end
start
one way
1247.443,991.01,0.0
1262.654,991.01,0.0
1277.865,991.01,0.0
1293.076,991.01,0.0
1308.288,991.01,0.0
1323.499,991.01,0.0
1338.71,991.01,0.0
end
start
one way
1338.71,905.568,0.0
1338.71,919.808,0.0
1338.71,934.049,0.0
1338.71,948.289,0.0
1338.71,962.529,0.0
1338.71,976.77,0.0
1338.71,991.01,0.0
end
start
one way
1429.978,905.568,0.0
1414.766,905.568,0.0
1399.555,905.568,0.0
1384.344,905.568,0.0
1369.133,905.568,0.0
1353.921,905.568,0.0
1338.71,905.568,0.0
end
start
one way
1429.978,991.01,0.0
1429.978,976.77,0.0
1429.978,962.529,0.0
1429.978,948.289,0.0
1429.978,934.049,0.0
1429.978,919.808,0.0
1429.978,905.568,0.0
end
start
one way
1338.71,991.01,0.0
1353.921,991.01,0.0
1369.133,991.01,0.0
1384.344,991.01,0.0
1399.555,991.01,0.0
1414.766,991.01,0.0
1429.978,991.01,0.0
end
start
one way
1429.978,905.568,0.0
1429.978,919.808,0.0
1429.978,934.049,0.0
1429.978,948.289,0.0
1429.978,962.529,0.0
1429.978,976.77,0.0
1429.978,991.01,0.0
end
start
one way
1521.245,905.568,0.0
1506.034,905.568,0.0
1490.823,905.568,0.0
1475.611,905.568,0.0
1460.4,905.568,0.0
1445.189,905.568,0.0
1429.978,905.568,0.0
end
start
one way
1521.245,991.01,0.0
1521.245,976.77,0.0
1521.245,962.529,0.0
1521.245,948.289,0.0
1521.245,934.049,0.0
1521.245,919.808,0.0
1521.245,905.568,0.0
end
start
one way
1429.978,991.01,0.0
1445.189,991.01,0.0
1460.4,991.01,0.0
1475.611,991.01,0.0
1490.823,991.01,0.0
1506.034,991.01,0.0
1521.245,991.01,0.0
end
start
one way
1064.907,991.01,0.0
1064.907,1005.25,0.0
1064.907,1019.491,0.0
1064.907,1033.731,0.0
1064.907,1047.971,0.0
1064.907,1062.212,0.0
1064.907,1076.452,0.0
end
start
one way
1156.175,991.01,0.0
1140.964,991.01,0.0
1125.752,991.01,0.0
1110.541,991.01,0.0
1095.33,991.01,0.0
1080.119,991.01,0.0
1064.907,991.01,0.0
end
start
one way
1156.175,1076.452,0.0
1156.175,1062.212,0.0
1156.175,1047.971,0.0
1156.175,1033.731,0.0
1156.175,1019.491,0.0
1156.175,1005.25,0.0
1156.175,991.01,0.0
end
start
one way
1064.907,1076.452,0.0
1080.119,1076.452,0.0
1095.33,1076.452,0.0
1110.541,1076.452,0.0
1125.752,1076.452,0.0
1140.964,1076.452,0.0
1156.175,1076.452,0.0
end
start
one way
1156.175,991.01,0.0
1156.175,1005.25,0.0
1156.175,1019.491,0.0
1156.175,1033.731,0.0
1156.175,1047.971,0.0
1156.175,1062.212,0.0
1156.175,1076.452,0.0
end
start
one way
1247.443,991.01,0.0
1232.231,991.01,0.0
1217.02,991.01,0.0
1201.809,991.01,0.0
1186.597,991.01,0.0
1171.386,991.01,0.0
1156.175,991.01,0.0
end
start
one way
1247.443,1076.452,0.0
1247.443,1062.212,0.0
1247.443,1047.971,0.0
1247.443,1033.731,0.0
1247.443,1019.491,0.0
1247.443,1005.25,0.0
1247.443,991.01,0.0
end
start
one way
1156.175,1076.452,0.0
1171.386,1076.452,0.0
1186.597,1076.452,0.0
1201.809,1076.452,0.0
1217.02,1076.452,0.0
1232.231,1076.452,0.0
1247.443,1076.452,0.0
end
start
one way
1247.443,991.01,0.0
1247.443,1005.25,0.0
1247.443,1019.491,0.0
1247.443,1033.731,0.0
1247.443,1047.971,0.0
1247.443,1062.212,0.0
1247.443,1076.452,0.0
end
start
one way
1338.71,991.01,0.0
1323.499,991.01,0.0
1308.288,991.01,0.0
1293.076,991.01,0.0
1277.865,991.01,0.0
1262.654,991.01,0.0
1247.443,991.01,0.0
end
start
one way
1338.71,1076.452,0.0
1338.71,1062.212,0.0
1338.71,1047.971,0.0
1338.71,1033.731,0.0
1338.71,1019.491,0.0
1338.71,1005.25,0.0
1338.71,991.01,0.0
end
start
one way
1247.443,1076.452,0.0
1262.654,1076.452,0.0
1277.865,1076.452,0.0
1293.076,1076.452,0.0
1308.288,1076.452,0.0
1323.499,1076.452,0.0
1338.71,1076.452,0.0
end
start
one way
1338.71,991.01,0.0
1338.71,1005.25,0.0
1338.71,1019.491,0.0
1338.71,1033.731,0.0
1338.71,1047.971,0.0
1338.71,1062.212,0.0
1338.71,1076.452,0.0
end
start
one way
1429.978,991.01,0.0
1414.766,991.01,0.0
1399.555,991.01,0.0
1384.344,991.01,0.0
1369.133,991.01,0.0
1353.921,991.01,0.0
1338.71,991.01,0.0
end
start
one way
1429.978,1076.452,0.0
1429.978,1062.212,0.0
1429.978,1047.971,0.0
1429.978,1033.731,0.0
1429.978,1019.491,0.0
1429.978,1005.25,0.0
1429.978,991.01,0.0
end
start
one way
1338.71,1076.452,0.0
1353.921,1076.452,0.0
1369.133,1076.452,0.0
1384.344,1076.452,0.0
1399.555,1076.452,0.0
1414.766,1076.452,0.0
1429.978,1076.452,0.0
end
start
one way
1429.978,991.01,0.0
1429.978,1005.25,0.0
1429.978,1019.491,0.0
1429.978,1033.731,0.0
1429.978,1047.971,0.0
1429.978,1062.212,0.0
1429.978,1076.452,0.0
end
start
one way
1521.245,991.01,0.0
1506.034,991.01,0.0
1490.823,991.01,0.0
1475.611,991.01,0.0
1460.4,991.01,0.0
1445.189,991.01,0.0
1429.978,991.01,0.0
end
start
one way
1521.245,1076.452,0.0
1521.245,1062.212,0.0
1521.245,1047.971,0.0
1521.245,1033.731,0.0
1521.245,1019.491,0.0
1521.245,1005.25,0.0
1521.245,991.01,0.0
end
start
one way
1429.978,1076.452,0.0
1445.189,1076.452,0.0
1460.4,1076.452,0.0
1475.611,1076.452,0.0
1490.823,1076.452,0.0
1506.034,1076.452,0.0
1521.245,1076.452,0.0
end
start
one way
1064.907,1076.452,0.0
1064.907,1090.692,0.0
1064.907,1104.933,0.0
1064.907,1119.173,0.0
1064.907,1133.413,0.0
1064.907,1147.654,0.0
1064.907,1161.894,0.0
end
start
one way
1156.175,1076.452,0.0
1140.964,1076.452,0.0
1125.752,1076.452,0.0
1110.541,1076.452,0.0
1095.33,1076.452,0.0
1080.119,1076.452,0.0
1064.907,1076.452,0.0
end
start
one way
1156.175,1161.894,0.0
1156.175,1147.654,0.0
1156.175,1133.413,0.0
1156.175,1119.173,0.0
1156.175,1104.933,0.0
1156.175,1090.692,0.0
1156.175,1076.452,0.0
end
start
one way
1064.907,1161.894,0.0
1080.119,1161.894,0.0
1095.33,1161.894,0.0
1110.541,1161.894,0.0
1125.752,1161.894,0.0
1140.964,1161.894,0.0
1156.175,1161.894,0.0
end
start
one way
1156.175,1076.452,0.0
1156.175,1090.692,0.0
1156.175,1104.933,0.0
1156.175,1119.173,0.0
1156.175,1133.413,0.0
1156.175,1147.654,0.0
1156.175,1161.894,0.0
end
start
one way
1247.443,1076.452,0.0
1232.231,1076.452,0.0
1217.02,1076.452,0.0
1201.809,1076.452,0.0
1186.597,1076.452,0.0
1171.386,1076.452,0.0
1156.175,1076.452,0.0
end
start
one way
1247.443,1161.894,0.0
1247.443,1147.654,0.0
1247.443,1133.413,0.0
1247.443,1119.173,0.0
1247.443,1104.933,0.0
1247.443,1090.692,0.0
1247.443,1076.452,0.0
end
start
one way
1156.175,1161.894,0.0
1171.386,1161.894,0.0
1186.597,1161.894,0.0
1201.809,1161.894,0.0
1217.02,1161.894,0.0
1232.231,1161.894,0.0
1247.443,1161.894,0.0
end
start
one way
1247.443,1076.452,0.0
1247.443,1090.692,0.0
1247.443,1104.933,0.0
1247.443,1119.173,0.0
1247.443,1133.413,0.0
1247.443,1147.654,0.0
1247.443,1161.894,0.0
end
start
one way
1338.71,1076.452,0.0
1323.499,1076.452,0.0
1308.288,1076.452,0.0
1293.076,1076.452,0.0
1277.865,1076.452,0.0
1262.654,1076.452,0.0
1247.443,1076.452,0.0
end
start
one way
1338.71,1161.894,0.0
1338.71,1147.654,0.0
1338.71,1133.413,0.0
1338.71,1119.173,0.0
1338.71,1104.933,0.0
1338.71,1090.692,0.0
1338.71,1076.452,0.0
end
start
one way
1247.443,1161.894,0.0
1262.654,1161.894,0.0
1277.865,1161.894,0.0
1293.076,1161.894,0.0
1308.288,1161.894,0.0
1323.499,1161.894,0.0
1338.71,1161.894,0.0
end
start
one way
1338.71,1076.452,0.0
1338.71,1090.692,0.0
1338.71,1104.933,0.0
1338.71,1119.173,0.0
1338.71,1133.413,0.0
1338.71,1147.654,0.0
1338.71,1161.894,0.0
end
start
one way
1429.978,1076.452,0.0
1414.766,1076.452,0.0
1399.555,1076.452,0.0
1384.344,1076.452,0.0
1369.133,1076.452,0.0
1353.921,1076.452,0.0
1338.71,1076.452,0.0
end
start
one way
1429.978,1161.894,0.0
1429.978,1147.654,0.0
1429.978,1133.413,0.0
1429.978,1119.173,0.0
1429.978,1104.933,0.0
1429.978,1090.692,0.0
1429.978,1076.452,0.0
end
start
one way
1338.71,1161.894,0.0
1353.921,1161.894,0.0
1369.133,1161.894,0.0
1384.344,1161.894,0.0
1399.555,1161.894,0.0
1414.766,1161.894,0.0
1429.978,1161.894,0.0
end
start
one way
1429.978,1076.452,0.0
1429.978,1090.692,0.0
1429.978,1104.933,0.0
1429.978,1119.173,0.0
1429.978,1133.413,0.0
1429.978,1147.654,0.0
1429.978,1161.894,0.0
end
start
one way
1521.245,1076.452,0.0
1506.034,1076.452,0.0
1490.823,1076.452,0.0
1475.611,1076.452,0.0
1460.4,1076.452,0.0
1445.189,1076.452,0.0
1429.978,1076.452,0.0
end
start
one way
1521.245,1161.894,0.0
1521.245,1147.654,0.0
1521.245,1133.413,0.0
1521.245,1119.173,0.0
1521.245,1104.933,0.0
1521.245,1090.692,0.0
1521.245,1076.452,0.0
end
start
one way
1429.978,1161.894,0.0
1445.189,1161.894,0.0
1460.4,1161.894,0.0
1475.611,1161.894,0.0
1490.823,1161.894,0.0
1506.034,1161.894,0.0
1521.245,1161.894,0.0
end
start
one way
1064.907,1161.894,0.0
1064.907,1176.134,0.0
1064.907,1190.375,0.0
1064.907,1204.615,0.0
1064.907,1218.855,0.0
1064.907,1233.096,0.0
1064.907,1247.336,0.0
end
start
one way
1156.175,1161.894,0.0
1140.964,1161.894,0.0
1125.752,1161.894,0.0
1110.541,1161.894,0.0
1095.33,1161.894,0.0
1080.119,1161.894,0.0
1064.907,1161.894,0.0
end
start
one way
1156.175,1247.336,0.0
1156.175,1233.096,0.0
1156.175,1218.855,0.0
1156.175,1204.615,0.0
1156.175,1190.375,0.0
1156.175,1176.134,0.0
1156.175,1161.894,0.0
end
start
one way
1064.907,1247.336,0.0
1080.119,1247.336,0.0
1095.33,1247.336,0.0
1110.541,1247.336,0.0
1125.752,1247.336,0.0
1140.964,1247.336,0.0
1156.175,1247.336,0.0
end
start
one way
1156.175,1161.894,0.0
1156.175,1176.134,0.0
1156.175,1190.375,0.0
1156.175,1204.615,0.0
1156.175,1218.855,0.0
1156.175,1233.096,0.0
1156.175,1247.336,0.0
end
start
one way
1247.443,1161.894,0.0
1232.231,1161.894,0.0
1217.02,1161.894,0.0
1201.809,1161.894,0.0
1186.597,1161.894,0.0
1171.386,1161.894,0.0
1156.175,1161.894,0.0
end
start
one way
1247.443,1247.336,0.0
1247.443,1233.096,0.0
1247.443,1218.855,0.0
1247.443,1204.615,0.0
1247.443,1190.375,0.0
1247.443,1176.134,0.0
1247.443,1161.894,0.0
end
start
one way
1156.175,1247.336,0.0
1171.386,1247.336,0.0
1186.597,1247.336,0.0
1201.809,1247.336,0.0
1217.02,1247.336,0.0
1232.231,1247.336,0.0
1247.443,1247.336,0.0
end
start
one way
1247.443,1161.894,0.0
1247.443,1176.134,0.0
1247.443,1190.375,0.0
1247.443,1204.615,0.0
1247.443,1218.855,0.0
1247.443,1233.096,0.0
1247.443,1247.336,0.0
end
start
one way
1338.71,1161.894,0.0
1323.499,1161.894,0.0
1308.288,1161.894,0.0
1293.076,1161.894,0.0
1277.865,1161.894,0.0
1262.654,1161.894,0.0
1247.443,1161.894,0.0
end
start
one way
1338.71,1247.336,0.0
1338.71,1233.096,0.0
1338.71,1218.855,0.0
1338.71,1204.615,0.0
1338.71,1190.375,0.0
1338.71,1176.134,0.0
1338.71,1161.894,0.0
end
start
one way
1247.443,1247.336,0.0
1262.654,1247.336,0.0
1277.865,1247.336,0.0
1293.076,1247.336,0.0
1308.288,1247.336,0.0
1323.499,1247.336,0.0
1338.71,1247.336,0.0
end
start
one way
1338.71,1161.894,0.0
1338.71,1176.134,0.0
1338.71,1190.375,0.0
1338.71,1204.615,0.0
1338.71,1218.855,0.0
1338.71,1233.096,0.0
1338.71,1247.336,0.0
end
start
one way
1429.978,1161.894,0.0
1414.766,1161.894,0.0
1399.555,1161.894,0.0
1384.344,1161.894,0.0
1369.133,1161.894,0.0
1353.921,1161.894,0.0
1338.71,1161.894,0.0
end
start
one way
1429.978,1247.336,0.0
1429.978,1233.096,0.0
1429.978,1218.855,0.0
1429.978,1204.615,0.0
1429.978,1190.375,0.0
1429.978,1176.134,0.0
1429.978,1161.894,0.0
end
start
one way
1338.71,1247.336,0.0
1353.921,1247.336,0.0
1369.133,1247.336,0.0
1384.344,1247.336,0.0
1399.555,1247.336,0.0
1414.766,1247.336,0.0
1429.978,1247.336,0.0
end
start
one way
1429.978,1161.894,0.0
1429.978,1176.134,0.0
1429.978,1190.375,0.0
1429.978,1204.615,0.0
1429.978,1218.855,0.0
1429.978,1233.096,0.0
1429.978,1247.336,0.0
end
start
one way
1521.245,1161.894,0.0
1506.034,1161.894,0.0
1490.823,1161.894,0.0
1475.611,1161.894,0.0
1460.4,1161.894,0.0
1445.189,1161.894,0.0
1429.978,1161.894,0.0
end
start
one way
1521.245,1247.336,0.0
1521.245,1233.096,0.0
1521.245,1218.855,0.0
1521.245,1204.615,0.0
1521.245,1190.375,0.0
1521.245,1176.134,0.0
1521.245,1161.894,0.0
end
start
one way
1429.978,1247.336,0.0
1445.189,1247.336,0.0
1460.4,1247.336,0.0
1475.611,1247.336,0.0
1490.823,1247.336,0.0
1506.034,1247.336,0.0
1521.245,1247.336,0.0
end
start
one way
1064.907,1247.336,0.0
1064.907,1261.576,0.0
1064.907,1275.817,0.0
1064.907,1290.057,0.0
1064.907,1304.297,0.0
1064.907,1318.538,0.0
1064.907,1332.778,0.0
end
start
one way
1156.175,1247.336,0.0
1140.964,1247.336,0.0
1125.752,1247.336,0.0
1110.541,1247.336,0.0
1095.33,1247.336,0.0
1080.119,1247.336,0.0
1064.907,1247.336,0.0
end
start
one way
1156.175,1332.778,0.0
1156.175,1318.538,0.0
1156.175,1304.297,0.0
1156.175,1290.057,0.0
1156.175,1275.817,0.0
1156.175,1261.576,0.0
1156.175,1247.336,0.0
end
start
one way
1064.907,1332.778,0.0
1080.119,1332.778,0.0
1095.33,1332.778,0.0
1110.541,1332.778,0.0
1125.752,1332.778,0.0
1140.964,1332.778,0.0
1156.175,1332.778,0.0
end
start
one way
1156.175,1247.336,0.0
1156.175,1261.576,0.0
1156.175,1275.817,0.0
1156.175,1290.057,0.0
1156.175,1304.297,0.0
1156.175,1318.538,0.0
1156.175,1332.778,0.0
end
start
one way
1247.443,1247.336,0.0
1232.231,1247.336,0.0
1217.02,1247.336,0.0
1201.809,1247.336,0.0
1186.597,1247.336,0.0
1171.386,1247.336,0.0
1156.175,1247.336,0.0
end
start
one way
1247.443,1332.778,0.0
1247.443,1318.538,0.0
1247.443,1304.297,0.0
1247.443,1290.057,0.0
1247.443,1275.817,0.0
1247.443,1261.576,0.0
1247.443,1247.336,0.0
end
start
one way
1156.175,1332.778,0.0
1171.386,1332.778,0.0
1186.597,1332.778,0.0
1201.809,1332.778,0.0
1217.02,1332.778,0.0
1232.231,1332.778,0.0
1247.443,1332.778,0.0
end
start
one way
1247.443,1247.336,0.0
1247.443,1261.576,0.0
1247.443,1275.817,0.0
1247.443,1290.057,0.0
1247.443,1304.297,0.0
1247.443,1318.538,0.0
1247.443,1332.778,0.0
end
start
one way
1338.71,1247.336,0.0
1323.499,1247.336,0.0
1308.288,1247.336,0.0
1293.076,1247.336,0.0
1277.865,1247.336,0.0
1262.654,1247.336,0.0
1247.443,1247.336,0.0
end
start
one way
1338.71,1332.778,0.0
1338.71,1318.538,0.0
1338.71,1304.297,0.0
1338.71,1290.057,0.0
1338.71,1275.817,0.0
1338.71,1261.576,0.0
1338.71,1247.336,0.0
end
start
one way
1247.443,1332.778,0.0
1262.654,1332.778,0.0
1277.865,1332.778,0.0
1293.076,1332.778,0.0
1308.288,1332.778,0.0
1323.499,1332.778,0.0
1338.71,1332.778,0.0
end
start
one way
1338.71,1247.336,0.0
1338.71,1261.576,0.0
1338.71,1275.817,0.0
1338.71,1290.057,0.0
1338.71,1304.297,0.0
1338.71,1318.538,0.0
1338.71,1332.778,0.0
end
start
one way
1429.978,1247.336,0.0
1414.766,1247.336,0.0
1399.555,1247.336,0.0
1384.344,1247.336,0.0
1369.133,1247.336,0.0
1353.921,1247.336,0.0
1338.71,1247.336,0.0
end
start
one way
1429.978,1332.778,0.0
1429.978,1318.538,0.0
1429.978,1304.297,0.0
1429.978,1290.057,0.0
1429.978,1275.817,0.0
1429.978,1261.576,0.0
1429.978,1247.336,0.0
end
start
one way
1338.71,1332.778,0.0
1353.921,1332.778,0.0
1369.133,1332.778,0.0
1384.344,1332.778,0.0
1399.555,1332.778,0.0
1414.766,1332.778,0.0
1429.978,1332.778,0.0
end
start
one way
1429.978,1247.336,0.0
1429.978,1261.576,0.0
1429.978,1275.817,0.0
1429.978,1290.057,0.0
1429.978,1304.297,0.0
1429.978,1318.538,0.0
1429.978,1332.778,0.0
end
start
one way
1521.245,1247.336,0.0
1506.034,1247.336,0.0
1490.823,1247.336,0.0
1475.611,1247.336,0.0
1460.4,1247.336,0.0
1445.189,1247.336,0.0
1429.978,1247.336,0.0
end
start
one way
1521.245,1332.778,0.0
1521.245,1318.538,0.0
1521.245,1304.297,0.0
1521.245,1290.057,0.0
1521.245,1275.817,0.0
1521.245,1261.576,0.0
1521.245,1247.336,0.0
end
start
one way
1429.978,1332.778,0.0
1445.189,1332.778,0.0
1460.4,1332.778,0.0
1475.611,1332.778,0.0
1490.823,1332.778,0.0
1506.034,1332.778,0.0
1521.245,1332.778,0.0
end